function DB = Database

   DB =   [0.359572164881535   0.086816812634871   0.003933307016993   0.000676701111978   0.000001091364683   0.000196808979039   0.000000166638033   1.000000000000000;
           0.356140947033968   0.089278683620075   0.006151125870904   0.002104056044674   0.000007553065281   0.000615051092909   0.000000497491669   1.000000000000000;
           0.409367840260821   0.115367573512791   0.012144209802334   0.001319776992264   0.000003153728827   0.000366877272108  -0.000004239237459   1.000000000000000;
           0.412183544898377   0.111279745522082   0.014580613433940   0.002649585682541   0.000013595687372   0.000739396198963  -0.000009293534539   1.000000000000000;
           0.427467843987690   0.122599556508435   0.016083458809672   0.002916978890354   0.000015858449181   0.000809411577894  -0.000012153159005   1.000000000000000;
           0.419843579122187   0.115826614283125   0.011758818308740   0.002031693958825   0.000008679769756   0.000643516771475  -0.000004824478289   1.000000000000000;
           0.391324559512886   0.097842293803688   0.011404159944389   0.001887952362293   0.000006825459574   0.000476034063679  -0.000005491418898   1.000000000000000;
           0.364634906380309   0.090194758669344   0.004487726779266   0.000969139563492   0.000002007121227   0.000288333594802   0.000000237490046   1.000000000000000;
           0.403952351934548   0.115539755737736   0.005541857775885   0.001045153772918   0.000002515307145   0.000355254639600   0.000000014232698   1.000000000000000;
           0.408503255528875   0.118315785665175   0.005757089402296   0.001074340077366   0.000002671743390   0.000369524138677   0.000000025259576   1.000000000000000;
           0.466061260814812   0.135433139178839   0.022871871264378   0.003408915661087   0.000025697268252   0.001167153565401  -0.000015674720543   1.000000000000000;
           0.495655168903235   0.173509908646467   0.007561681702520   0.000340597509129   0.000000495336432   0.000140157127740  -0.000000231118616   1.000000000000000;
           0.488903058853675   0.165809851776156   0.017618724206120   0.002998762937143   0.000020335328377   0.001197111051256  -0.000007848040413   1.000000000000000;
           0.482479794531606   0.156093713699517   0.020088419977220   0.003308448684885   0.000024758753433   0.001274272642691  -0.000010699563604   1.000000000000000;
           0.427590483831852   0.142122146422635   0.008894441525751   0.003808260349388   0.000021941171139   0.001402624837339   0.000003135362856   1.000000000000000;
           0.427566426888520   0.139341330612594   0.010635192576617   0.004238090171536   0.000028191775804   0.001547639461996   0.000003846638723   1.000000000000000;
           0.440749756920533   0.150888793635191   0.010645157676521   0.004306142164234   0.000028973468035   0.001622699390296   0.000003245728272   1.000000000000000;
           0.434339533418045   0.146590841303328   0.010606192517273   0.004456828484669   0.000030554706077   0.001673389695617   0.000002312725821   1.000000000000000;
           0.409622724418607   0.124274941468195   0.008959828506320   0.003157839033620   0.000016535208717   0.001093034398818   0.000002954677953   1.000000000000000;
           0.414838348123930   0.129155987362034   0.009237001662261   0.003317723849816   0.000018039204723   0.001160387764773   0.000003451749727   1.000000000000000;
           2.125165837300553   4.461712668805048   0.048706068156490   0.054654508965546   0.002816506030675   0.112261996359587  -0.000137889366510   2.000000000000000;
           2.051427309324644   4.174024871975242   0.023221658016984   0.021767848401081   0.000489335346346   0.044032070113216  -0.000008354084873   2.000000000000000;
           2.299463033264175   5.250736555788329   0.002412242081109   0.000537075252190   0.000000263404919  -0.000021108834289  -0.000000551652621   2.000000000000000;
           2.291802229614197   5.203275029084491   0.006741230854874   0.004071465766828   0.000020391765966   0.005786344668567  -0.000006257403742   2.000000000000000;
           2.128517578448243   4.497687856793193   0.028760261771598   0.026209674634751   0.000719570971235   0.055083901338344  -0.000006025752107   2.000000000000000;
           2.217112647300688   4.868333908585701   0.003463825951000   0.000558588682229  -0.000000590694565  -0.001174899419547  -0.000000504772834   2.000000000000000;
           2.221457737474374   4.900725274535668   0.008809994763434   0.006344430512957   0.000047320231881   0.013083650521463  -0.000003262785080   2.000000000000000;
           2.180237269539347   4.718355681072984   0.006159124172215   0.004878982403969   0.000026666552758   0.009804836590476  -0.000002055582374   2.000000000000000;
           2.300517896766136   5.234934759202478   0.008948694647202   0.002450250167356   0.000005116341405   0.001767608623943   0.000010269566188   2.000000000000000;
           2.184734099122767   4.739061249472119   0.009326509703654   0.006694311736930   0.000052764751060   0.013537828488430  -0.000003716407271   2.000000000000000;
           2.101933157320641   4.385717628176398   0.017281121138809   0.015241684038411   0.000247340289232   0.031479581575460  -0.000003379071425   2.000000000000000;
           2.257729271614016   5.060805445174529   0.002363504703795   0.000544193471445   0.000000278497358   0.000039686409718   0.000000550766764   2.000000000000000;
           2.158832730658447   4.627627479758273   0.014425602393370   0.012328852632760   0.000164384692814   0.025967991595257  -0.000003339449935   2.000000000000000;
           3.063556354900560   9.344336726451566   0.006553402666632   0.000731098612073  -0.000001598473844  -0.002225774628234  -0.000000076117157   2.000000000000000;
           2.767245756676852   7.617922557351803   0.197642713224193   0.186738695056770   0.035874664164384   0.513127552231985  -0.000154718006022   2.000000000000000;
           2.229838104544217   4.848081570543446   0.035273384354202   0.010592065634067  -0.000014405131153   0.016180594690529   0.000204228765606   2.000000000000000;
           2.265243414088774   4.966109744969189   0.032276935463306   0.006074953982897  -0.000080133290863  -0.004983563113091  -0.000028548802843   2.000000000000000;
           2.377630521710151   5.619249130953478   0.015509865848909   0.015592926495031   0.000242490369040   0.036499458118128   0.000000513490716   2.000000000000000;
           2.354070860401193   5.508277155704096   0.014670307895827   0.014575181407034   0.000213127903684   0.033663808259266   0.000000230666550   2.000000000000000;
           2.336199605350933   5.423089039982397   0.075878702795865   0.071221087602217   0.005235622958824   0.165140908218536  -0.000023800984265   2.000000000000000;
           0.208928228933000   0.000058540654124   0.000000625761764   0.000000129570714  -0.000000000000028  -0.000000000910444   0.000000000000024   3.000000000000000;
           0.209459912417482   0.000061371275047   0.000000095727449   0.000000003624727  -0.000000000000000   0.000000000025853   0.000000000000000   3.000000000000000;
           0.210194234877484   0.000061541098304   0.000001227368900   0.000000244856942  -0.000000000000132  -0.000000001865969  -0.000000000000025   3.000000000000000;
           0.210817824485470   0.000096183386268   0.000001088007238   0.000000093912387  -0.000000000000029  -0.000000000564838   0.000000000000009   3.000000000000000;
           0.210815203633922   0.000095135872937   0.000000970978993   0.000000067600817  -0.000000000000017  -0.000000000433261   0.000000000000004   3.000000000000000;
           0.232299446388340   0.002527747793142   0.000303872071725   0.000045561938758   0.000000002620479  -0.000000433202449  -0.000000004676943   3.000000000000000;
